[-1.4012271913867411]
[-0.8885836667415408]
[-1.896687543765084]
[-1.2073430600965798]
[-1.1315230533471317]
[-1.28227595971357]
[-1.1674968083223694]
[-1.834504575903881]
[-1.866190803541473]
[-1.162419897374815]
[-1.159531125598792]
[-1.1998119267805554]
[-1.8438527062282253]
[-1.2770914118491126]
[-1.2877191877733956]
[-1.3237832485652339]
[-1.460295952038904]
[-1.3577456482079446]
[-1.8703273109707983]
[-1.187284555360261]
[-1.3204714437854759]
[-1.1505272086523262]
[-1.6665577358671637]
[-1.1599156388770173]
[-1.2067535926814426]
[-1.3103531120764995]
[-1.2088089235950532]
[-1.1926317328767038]
[-0.9061041658364317]
[-0.9259419182734332]
[-1.1470804254449685]
[-1.3484134084701953]
[-1.3432235393079965]
[-1.18282233571573]
[-1.086857900267698]
[-1.2150112996662683]
[-1.3305007261973527]
[-1.8518322749512772]
[-1.368492204687139]
[-1.1789411773043357]
[-1.8923761453129235]
[-1.1854082152621628]
[-1.16130950115681]
[-1.1916639452170514]
[-1.1475220129435144]
[-1.147639069710035]
[-1.1749263728130788]
[-1.1579384577569423]
[-1.2857238144485739]
[-1.1883461349820879]
[-1.203884793989952]
[-1.479477413414159]
[-1.1472494655214394]
[-1.4282206844730356]
[-1.1444727131394368]
[-1.2516862275057328]
[-2.1576576165159347]
[-1.3083882051974234]
[-3.32872518023054]
[-1.3666902786213808]
