[-1.1179676470769584]
[-2.0815709975256134]
[-1.8835789874568114]
[-2.87532630755459]
[-1.3287886104492315]
[-2.501403711636341]
[-1.0783543750194662]
[-1.8046060155507995]
[-3.204301255989325]
[-2.254360602812854]
[-2.302147246814976]
[-1.839697628749235]
[-1.3917759274103658]
[-4.558458209017263]
[-2.824236610853831]
[-3.0596859707514232]
[-1.176761627509582]
[-1.6359299002068006]
[-1.4527482810420826]
[-4.716905656235041]
[-2.683688598192126]
[-4.680400999390793]
[-2.2208451923272268]
[-3.094687906474124]
[-1.8897149527330408]
[-2.0274947438839224]
[-2.8760606675915947]
[-4.035473034091969]
[-1.719948929792571]
[-2.612458280161812]
[-3.055946321462501]
[-3.1287778731830143]
[-2.051511476980108]
[-4.531112517205784]
[-2.538505289033452]
[-1.8509669799100053]
[-2.9899085665831673]
