[1.6957425341696348]
[2.0253262207700677]
[1.8866967846580787]
[1.8866967846580787]
[2.0253262207700677]
[1.8866967846580787]
[2.0253262207700673]
[2.0253262207700673]
[2.0253262207700673]
[2.1639556568820564]
[2.0253262207700677]
[2.0253262207700677]
[2.0253262207700673]
[2.0253262207700677]
[1.7480673485460896]
[2.0253262207700677]
[1.7480673485460898]
[1.8866967846580787]
[1.366158847569202]
[1.6094379124341005]
[1.2206072645530175]
[1.8866967846580787]
[1.8866967846580789]
[2.0253262207700673]
[2.0253262207700677]
[1.8866967846580784]
[1.8866967846580784]
[2.0253262207700677]
[2.0253262207700677]
[1.8866967846580784]
[2.0253262207700673]
[1.8866967846580784]
[2.0253262207700677]
[2.163955656882057]
[2.0253262207700673]
[2.0253262207700673]
[1.8866967846580787]
[1.8866967846580787]
[1.6957425341696348]
[2.0253262207700673]
[1.6957425341696346]
[1.8866967846580787]
[2.0253262207700673]
[2.0253262207700673]
[1.8866967846580784]
[2.0253262207700677]
