[2.0253262207700677]
[2.1639556568820564]
[2.0253262207700677]
[2.0253262207700673]
[2.1639556568820564]
[2.163955656882057]
[2.0253262207700673]
[2.163955656882057]
[2.1639556568820564]
[2.0253262207700677]
[2.1639556568820564]
[2.0253262207700677]
[2.1639556568820564]
[2.1639556568820564]
[2.163955656882057]
[2.163955656882057]
[2.0253262207700673]
[2.0253262207700677]
[2.163955656882057]
[2.163955656882057]
[2.163955656882057]
[2.1639556568820564]
[2.1639556568820564]
[1.8866967846580784]
[2.1639556568820564]
[2.1639556568820564]
[2.0253262207700673]
[2.0253262207700673]
[2.163955656882057]
[2.0253262207700677]
[2.025326220770068]
[2.1639556568820564]
[2.0253262207700673]
[2.1639556568820564]
[2.0253262207700677]
[2.0253262207700673]
[2.1639556568820564]
[2.1639556568820564]
[2.1639556568820564]
[1.9730014063936125]
[2.163955656882057]
[2.163955656882057]
[2.1639556568820564]
[2.025326220770068]
[2.0253262207700673]
[2.163955656882057]
[2.163955656882057]
[1.8866967846580787]
[2.1639556568820564]
[2.0253262207700677]
[2.1639556568820564]
[2.1639556568820564]
[2.1639556568820564]
[2.1639556568820564]
[1.8866967846580787]
[2.0253262207700677]
[2.0253262207700677]
[2.0253262207700677]
[2.0253262207700673]
[2.1639556568820564]
