[2.7184734013300127]
[2.622996276085791]
[2.7184734013300127]
[2.649158683274018]
[2.622996276085791]
[2.7184734013300127]
[2.622996276085791]
[2.649158683274018]
[2.527519150841569]
[2.5798439652180236]
[2.622996276085791]
[2.510529247162029]
[2.649158683274018]
[2.6923109941417853]
[2.527519150841569]
[2.7184734013300127]
[2.527519150841569]
[2.622996276085791]
[2.622996276085791]
[2.5536815580297962]
[2.666148586953558]
[2.649158683274018]
[2.649158683274018]
[2.5798439652180236]
[2.622996276085791]
[2.7184734013300127]
[2.7184734013300127]
[2.7184734013300127]
[2.5536815580297962]
[2.6923109941417853]
[2.649158683274018]
[2.7184734013300127]
[2.649158683274018]
[2.649158683274018]
[2.5536815580297962]
[2.5536815580297962]
[2.510529247162029]
[2.6923109941417853]
[1.8740632076972932]
[2.622996276085791]
[2.7184734013300127]
[2.649158683274018]
[2.5798439652180236]
[2.622996276085791]
