[2.649158683274018]
[2.622996276085791]
[2.622996276085791]
[2.5968338688975634]
[2.622996276085791]
[2.510529247162029]
[2.7184734013300127]
[2.5536815580297962]
[2.3195749966735852]
[2.649158683274018]
[2.38888971472958]
[2.38888971472958]
[2.4582044327855743]
[2.5536815580297962]
[2.37189981105004]
[2.527519150841569]
[2.527519150841569]
[2.5536815580297962]
[2.622996276085791]
[2.527519150841569]
[2.4843668399738017]
[2.3195749966735852]
[2.527519150841569]
[2.5968338688975634]
[2.510529247162029]
[2.7184734013300127]
[2.7184734013300127]
[2.5536815580297962]
[2.4412145291060345]
[2.5798439652180236]
[2.649158683274018]
[2.510529247162029]
[2.2899515160332604]
[2.5798439652180236]
[2.3195749966735852]
[2.510529247162029]
[2.5798439652180236]
[2.649158683274018]
[2.4843668399738017]
[2.4582044327855743]
[2.5798439652180236]
[2.4843668399738017]
[2.5536815580297962]
[2.5798439652180236]
[2.649158683274018]
[2.527519150841569]
[2.5536815580297962]
[2.5798439652180236]
[2.527519150841569]
[2.4843668399738017]
[2.4412145291060345]
[2.4843668399738017]
[2.622996276085791]
[2.622996276085791]
[2.622996276085791]
[2.4582044327855743]
[2.5798439652180236]
[2.3627273075413524]
[2.5536815580297962]
[2.649158683274018]
