[2.197935464241136]
[2.0854684353173742]
[2.293412589485358]
[2.2672501822971305]
[2.137793249693829]
[2.415052121917807]
[2.415052121917807]
[2.2467992051654933]
[1.9865302366210549]
[2.2467992051654933]
[2.415052121917807]
[2.2240978714293633]
[1.9569067559807296]
[2.415052121917807]
[2.3457374038618126]
[2.5798439652180236]
[1.7035599343404866]
[2.293412589485358]
[1.6787526304900948]
[1.941927723916431]
[2.233270374938051]
[2.293412589485358]
[2.276422685805818]
[2.415052121917807]
[2.5536815580297962]
[2.316113923221488]
[2.220636797977266]
[2.2502602786175907]
[2.3195749966735852]
[2.3627273075413524]
[1.8726130058604364]
[2.3195749966735852]
[2.38888971472958]
[1.7297223415287144]
[2.276422685805818]
[2.5798439652180236]
[1.7990370595847085]
[2.5536815580297962]
[2.1513220799212713]
[2.293412589485358]
[2.5536815580297962]
[2.082007361865277]
[2.37189981105004]
[2.38888971472958]
[2.2899515160332604]
[2.3025850929940455]
[2.293412589485358]
[1.9899913100731523]
[2.37189981105004]
[2.3195749966735852]
[2.3627273075413524]
[2.1513220799212713]
[1.846450598672209]
[2.415052121917807]
[2.3195749966735852]
[1.9206765920171578]
[2.180945560561596]
[2.276422685805818]
[2.38888971472958]
[2.415052121917807]
