[-3.932272254804162]
[-1.807609326624533]
[-1.78471178104611]
[-1.996494213073542]
[-1.6396346997818472]
[-2.083523773258291]
[-2.7520434130275353]
[-2.013849384384451]
[-1.7437460886868723]
[-2.507811122041309]
[-1.6471027285260726]
[-2.3620094885505525]
[-1.3838804527621944]
[-2.200520539396319]
[-1.7657445151231799]
[-2.096333648418685]
[-1.5940761491671531]
[-2.397680327142199]
[-1.8471641345925627]
[-1.3437175404023183]
[-2.1365250887883867]
[-2.439868313340413]
[-2.339166031095824]
[-1.8476538471878952]
[-2.9312940293544423]
[-1.7787644892398422]
[-1.8283505197364407]
[-3.1101538409437195]
[-1.5388862461954993]
[-1.773693349999394]
[-1.664369471959671]
[-2.1830438222562014]
[-1.6466835303503897]
[-1.9220074713346018]
[-2.116931516484775]
[-1.838294027110205]
[-1.4488827419354269]
[-3.1082631213104674]
[-1.9406707052031087]
[-4.2011267089929465]
[-3.0535575071253276]
[-2.1344217666569882]
[-1.4971120561507796]
[-2.1104971589900954]
[-2.821172847753886]
[-2.7149596080982574]
[-2.444181322936993]
[-1.5406519492176782]
[-2.228650743801837]
[-1.6150667174729145]
[-2.0012348067570196]
[-2.857512344293132]
[-2.917479760300817]
[-1.5346753189840248]
[-5.1174715101252195]
[-2.4300469274751757]
[-2.7626116033523185]
[-1.6899218668297862]
[-2.6588996624304926]
[-1.704302887072024]
