[-1.160253144961504]
[-1.1622789665802347]
[-1.457321288303528]
[-1.4311758157389263]
[-1.2015683974885292]
[-1.1596925253144281]
[-1.1617244433766425]
[-1.119357137589649]
[-1.162711464227351]
[-1.1608401913130773]
[-1.175980389078311]
[-1.422929224097181]
[-1.4212889419994847]
[-1.326420611927758]
[-1.4737175566036833]
[-1.3260443864863385]
[-1.1065990628301443]
[-1.1602457370556714]
[-1.101212221426306]
[-1.427941724563917]
[-1.1064381486510708]
[-12.72916120769359]
[-3.4155393417868094]
[-3.1913161112923216]
[-10.307536759618214]
[-9.21149526969198]
[-10.097368195373669]
[-12.481418162080603]
[-4.297490516691345]
[-3.507651991744919]
