[2.2240978714293633]
[1.8429895252201114]
[1.7912196594138567]
[1.3321790402101223]
[0.926155713095467]
[1.3592367006650066]
[1.3747764025076896]
[1.9206765920171578]
[2.37189981105004]
[2.1116308425056016]
[1.468803325915055]
[1.4786258764929634]
[1.1024288055726656]
[0.926155713095467]
[1.4717037295887683]
[2.1774844871094987]
[1.2052156773503675]
[1.8775242811493909]
[0.9985793315873919]
[1.6781976819198952]
[0.6931471805599453]
[1.1921945007602976]
[1.4263010621165089]
[2.4582044327855743]
[1.033114087516671]
[1.202262257535642]
[0.8451132568429529]
[1.161120818283116]
[1.6831089572088496]
[1.4737146012040092]
[1.679647883756752]
[1.333074293476779]
[1.8479008005090658]
[1.7092713643970767]
[1.5832755052458731]
[1.1921945007602976]
[0.5004024235381879]
[1.3491689438896621]
[1.094056456831614]
[1.161120818283116]
[1.3563362969912935]
[1.5741030017371853]
[1.4737146012040092]
[1.5387680910402701]
[1.5691917264482311]
[1.256597943527338]
[0.8864644756797975]
[0.799902779427117]
[1.2052156773503677]
[1.0700473146904763]
[1.3994886078590607]
[1.3259126615833325]
[1.526039415580464]
[1.3747764025076896]
[1.5430293192600035]
[1.5910929054167249]
[1.5649304982284975]
[0.9819416009240195]
[1.070047314690476]
[1.1421200429883351]
