[1.574103001737185]
[1.5430293192600035]
[1.6796478837567517]
[1.7127324378491746]
[1.4786258764929634]
[1.6364955728889845]
[1.4786258764929634]
[1.8605343774698513]
[1.543029319260004]
[0.926155713095467]
[1.8605343774698513]
[1.4398298923439505]
[1.4949657331032824]
[1.1673871969099059]
[1.2353468116280648]
[1.5430293192600035]
[1.1633711748876086]
[1.6172553126049527]
[1.5657306529961335]
[1.7262612680766163]
[1.4877983800016512]
[2.38888971472958]
[1.6781976819198952]
[0.6881388137135884]
[1.4001386549282815]
[1.4737146012040094]
[1.2565979435273382]
[1.1393620327464706]
[1.1633711748876083]
[1.9172155185650603]
[1.7650572522256291]
[1.248780543356486]
[1.7092713643970767]
[1.5657306529961335]
[2.415052121917807]
[1.4659922995321781]
[1.9172155185650603]
[1.4406300471115865]
[0.8556886672556694]
[1.6137942391528548]
[1.7524236752648439]
[1.5274896174173205]
[1.344257668600708]
[1.094056456831614]
[1.2968441295132072]
[1.7078211625602202]
[0.6931471805599453]
[0.8556886672556694]
[2.3457374038618126]
[1.6364955728889845]
[1.7339835697484476]
[1.6137942391528548]
[1.6695801269814072]
[1.4659922995321781]
[1.5430293192600035]
[1.6002654089254127]
[0.8451132568429529]
[1.7650572522256294]
[1.4786258764929634]
[1.5910929054167249]
